3 2985
7
FLOOR 100
364 524 16 16      1536 688   16
364 524 16 16      1536 704   16
364 460 16 16      0 208   16
364 460 16 16      0 224   16
364 460 16 16      2543 208   35
364 460 16 16      2543 224   35
364 524 16 16      0 448   80
364 524 16 16      0 464   80
364 524 16 16      1328 448   37
364 524 16 16      1328 464   37
364 524 16 16      1952 448   2
364 524 16 16      1952 464   2
364 524 16 16      2016 448   12
364 524 16 16      2016 464   12
364 524 16 16      2320 448   8
364 524 16 16      2320 464   8
364 524 16 16      2560 448   32
364 524 16 16      2560 464   32
380 540 16 16      272 432   1
380 540 16 16      304 432   1
380 540 16 16      304 416   1
380 540 16 16      336 400   1
380 540 16 16      336 432   1
380 540 16 16      336 416   1
380 540 16 16      368 400   1
380 540 16 16      368 432   1
380 540 16 16      368 416   1
380 540 16 16      368 384   1
380 540 16 16      400 400   1
380 540 16 16      400 432   1
380 540 16 16      400 416   1
380 540 16 16      400 384   1
380 540 16 16      432 400   1
380 540 16 16      432 432   1
380 540 16 16      432 416   1
380 540 16 16      496 400   1
380 540 16 16      496 432   1
380 540 16 16      496 416   1
380 540 16 16      528 432   1
380 540 16 16      528 416   1
380 540 16 16      2128 432   5
380 540 16 16      2144 416   4
380 540 16 16      2160 400   3
380 540 16 16      2176 384   2
380 476 16 16      2623 192   9
380 476 16 16      2639 176   8
380 476 16 16      2655 160   7
380 476 16 16      2671 144   6
380 476 16 16      2687 128   5
380 476 16 16      2703 112   4
380 476 16 16      2719 96   3
380 476 16 16      2735 80   2
380 476 16 16      2895 192   1
215 0 16 16      192 144   2
215 0 16 16      192 160   2
215 0 16 16      192 176   2
215 0 16 16      192 192   2
215 0 16 16      0 272   1
215 0 16 16      0 288   1
215 0 16 16      0 304   1
215 0 16 16      0 320   1
215 0 16 16      0 336   1
215 0 16 16      0 352   1
215 0 16 16      0 368   1
215 0 16 16      0 384   1
215 0 16 16      0 400   1
215 0 16 16      0 416   1
215 0 16 16      0 432   1
215 0 16 16      1744 512   2
215 0 16 16      1744 528   2
215 0 16 16      1744 544   2
215 0 16 16      1744 560   2
215 0 16 16      1744 576   2
215 0 16 16      1744 592   2
215 0 16 16      1744 608   2
215 0 16 16      1744 624   2
215 0 16 16      1744 640   2
215 0 16 16      1952 400   2
215 0 16 16      1952 416   2
215 0 16 16      1952 432   2
215 0 16 16      2560 400   10
215 0 16 16      2560 416   10
215 0 16 16      2560 432   10
215 0 16 16      2688 272   2
215 0 16 16      2688 288   2
215 0 16 16      2688 304   2
215 0 16 16      2688 320   2
215 0 16 16      2688 336   2
215 0 16 16      2688 352   2
215 0 16 16      1536 512   1
215 0 16 16      1536 528   1
215 0 16 16      1536 544   1
215 0 16 16      1536 560   1
215 0 16 16      1536 576   1
215 0 16 16      1536 592   1
215 0 16 16      1536 608   1
215 0 16 16      1536 624   1
215 0 16 16      1536 640   1
215 0 16 16      1536 656   1
215 0 16 16      1536 672   1

H_SEWER 3
85 230 16 32       102 230 16 32    160 176     32      1   35 280    0 240       0
249 230 16 32       266 230 16 32    1744 656     32      1   1848 415    1840 240       1
249 230 16 32       266 230 16 32    2656 368     32      1   2599 176    2543 0       1

SEWER 4
283 196 32 16       283 213 32 16    1648 400     48     1   1560 512     1536 480
283 196 32 16       283 213 32 16    1744 384     64     0
283 196 32 16       283 213 32 16    1840 416     32     0
119 196 32 16       119 213 32 16    2591 176     32     0

FLAG 1
388 405 17 17       143 247 2 16    2887 48     144

COIN 34
3 397 97 10 14 414 97 10 14 431 97 10 14     6 379 129 8 16 349 129 8 16 359 129 8 16 369 129 8 16 359 129 8 16 349 129 8 16    643 370
3 397 97 10 14 414 97 10 14 431 97 10 14     6 379 129 8 16 349 129 8 16 359 129 8 16 369 129 8 16 359 129 8 16 349 129 8 16    659 322
3 397 97 10 14 414 97 10 14 431 97 10 14     6 379 129 8 16 349 129 8 16 359 129 8 16 369 129 8 16 359 129 8 16 349 129 8 16    675 322
3 397 97 10 14 414 97 10 14 431 97 10 14     6 379 129 8 16 349 129 8 16 359 129 8 16 369 129 8 16 359 129 8 16 349 129 8 16    691 322
3 397 97 10 14 414 97 10 14 431 97 10 14     6 379 129 8 16 349 129 8 16 359 129 8 16 369 129 8 16 359 129 8 16 349 129 8 16    707 322
3 397 97 10 14 414 97 10 14 431 97 10 14     6 379 129 8 16 349 129 8 16 359 129 8 16 369 129 8 16 359 129 8 16 349 129 8 16    723 370
3 397 97 10 14 414 97 10 14 431 97 10 14     6 379 129 8 16 349 129 8 16 359 129 8 16 369 129 8 16 359 129 8 16 349 129 8 16    931 370
3 397 97 10 14 414 97 10 14 431 97 10 14     6 379 129 8 16 349 129 8 16 359 129 8 16 369 129 8 16 359 129 8 16 349 129 8 16    947 370
3 397 97 10 14 414 97 10 14 431 97 10 14     6 379 129 8 16 349 129 8 16 359 129 8 16 369 129 8 16 359 129 8 16 349 129 8 16    963 370
3 397 97 10 14 414 97 10 14 431 97 10 14     6 379 129 8 16 349 129 8 16 359 129 8 16 369 129 8 16 359 129 8 16 349 129 8 16    979 370
3 397 97 10 14 414 97 10 14 431 97 10 14     6 379 129 8 16 349 129 8 16 359 129 8 16 369 129 8 16 359 129 8 16 349 129 8 16    1091 370
3 397 97 10 14 414 97 10 14 431 97 10 14     6 379 129 8 16 349 129 8 16 359 129 8 16 369 129 8 16 359 129 8 16 349 129 8 16    1347 322
3 397 97 10 14 414 97 10 14 431 97 10 14     6 379 129 8 16 349 129 8 16 359 129 8 16 369 129 8 16 359 129 8 16 349 129 8 16    1363 322
3 397 97 10 14 414 97 10 14 431 97 10 14     6 379 129 8 16 349 129 8 16 359 129 8 16 369 129 8 16 359 129 8 16 349 129 8 16    1379 322
3 397 97 10 14 414 97 10 14 431 97 10 14     6 379 129 8 16 349 129 8 16 359 129 8 16 369 129 8 16 359 129 8 16 349 129 8 16    1395 322
3 397 97 10 14 414 97 10 14 431 97 10 14     6 379 129 8 16 349 129 8 16 359 129 8 16 369 129 8 16 359 129 8 16 349 129 8 16    1411 322
3 397 97 10 14 414 97 10 14 431 97 10 14     6 379 129 8 16 349 129 8 16 359 129 8 16 369 129 8 16 359 129 8 16 349 129 8 16    1427 322
3 397 97 10 14 414 97 10 14 431 97 10 14     6 379 129 8 16 349 129 8 16 359 129 8 16 369 129 8 16 359 129 8 16 349 129 8 16    1587 674
3 397 97 10 14 414 97 10 14 431 97 10 14     6 379 129 8 16 349 129 8 16 359 129 8 16 369 129 8 16 359 129 8 16 349 129 8 16    1603 674
3 397 97 10 14 414 97 10 14 431 97 10 14     6 379 129 8 16 349 129 8 16 359 129 8 16 369 129 8 16 359 129 8 16 349 129 8 16    1619 674
3 397 97 10 14 414 97 10 14 431 97 10 14     6 379 129 8 16 349 129 8 16 359 129 8 16 369 129 8 16 359 129 8 16 349 129 8 16    1635 674
3 397 97 10 14 414 97 10 14 431 97 10 14     6 379 129 8 16 349 129 8 16 359 129 8 16 369 129 8 16 359 129 8 16 349 129 8 16    1651 674
3 397 97 10 14 414 97 10 14 431 97 10 14     6 379 129 8 16 349 129 8 16 359 129 8 16 369 129 8 16 359 129 8 16 349 129 8 16    1667 674
3 397 97 10 14 414 97 10 14 431 97 10 14     6 379 129 8 16 349 129 8 16 359 129 8 16 369 129 8 16 359 129 8 16 349 129 8 16    1683 674
3 397 97 10 14 414 97 10 14 431 97 10 14     6 379 129 8 16 349 129 8 16 359 129 8 16 369 129 8 16 359 129 8 16 349 129 8 16    1699 674
3 397 97 10 14 414 97 10 14 431 97 10 14     6 379 129 8 16 349 129 8 16 359 129 8 16 369 129 8 16 359 129 8 16 349 129 8 16    1715 674
3 397 97 10 14 414 97 10 14 431 97 10 14     6 379 129 8 16 349 129 8 16 359 129 8 16 369 129 8 16 359 129 8 16 349 129 8 16    1603 610
3 397 97 10 14 414 97 10 14 431 97 10 14     6 379 129 8 16 349 129 8 16 359 129 8 16 369 129 8 16 359 129 8 16 349 129 8 16    1619 610
3 397 97 10 14 414 97 10 14 431 97 10 14     6 379 129 8 16 349 129 8 16 359 129 8 16 369 129 8 16 359 129 8 16 349 129 8 16    1635 610
3 397 97 10 14 414 97 10 14 431 97 10 14     6 379 129 8 16 349 129 8 16 359 129 8 16 369 129 8 16 359 129 8 16 349 129 8 16    1651 610
3 397 97 10 14 414 97 10 14 431 97 10 14     6 379 129 8 16 349 129 8 16 359 129 8 16 369 129 8 16 359 129 8 16 349 129 8 16    1667 610
3 397 97 10 14 414 97 10 14 431 97 10 14     6 379 129 8 16 349 129 8 16 359 129 8 16 369 129 8 16 359 129 8 16 349 129 8 16    1683 610
3 397 97 10 14 414 97 10 14 431 97 10 14     6 379 129 8 16 349 129 8 16 359 129 8 16 369 129 8 16 359 129 8 16 349 129 8 16    1699 610
3 397 97 10 14 414 97 10 14 431 97 10 14     6 379 129 8 16 349 129 8 16 359 129 8 16 369 129 8 16 359 129 8 16 349 129 8 16    1715 610

QUESTION 11
3 394 78 16 16 411 78 16 16 428 78 16 16     445 78 16 16       160 384      1 POWER
3 394 78 16 16 411 78 16 16 428 78 16 16     445 78 16 16       176 384      1 COIN
3 394 78 16 16 411 78 16 16 428 78 16 16     445 78 16 16       192 384      1 COIN
3 394 78 16 16 411 78 16 16 428 78 16 16     445 78 16 16       208 384      1 COIN
3 394 78 16 16 411 78 16 16 428 78 16 16     445 78 16 16       224 384      1 COIN
1 181 16 16 16                              198 16 16 16       464 368    8 COIN
1 181 16 16 16                              198 16 16 16       736 352    1 STAR
1 181 16 16 16                              198 16 16 16       1104 368    1 POWER
1 181 16 16 16                              198 16 16 16       1168 368    7 COIN
1 181 16 16 16                              198 16 16 16       1424 272    1 NORMAL
1 181 16 16 16                              198 16 16 16       2400 368    1 POWER

BRICK 295
181 16 16 16     267 75 8 8      96 272
181 16 16 16     267 75 8 8      112 272
181 16 16 16     267 75 8 8      128 272
181 16 16 16     267 75 8 8      144 272
181 16 16 16     267 75 8 8      160 272
181 16 16 16     267 75 8 8      176 272
181 16 16 16     267 75 8 8      192 272
181 16 16 16     267 75 8 8      208 272
181 16 16 16     267 75 8 8      224 272
181 16 16 16     267 75 8 8      240 272
181 16 16 16     267 75 8 8      256 272
181 16 16 16     267 75 8 8      272 272
181 16 16 16     267 75 8 8      288 272
181 16 16 16     267 75 8 8      304 272
181 16 16 16     267 75 8 8      320 272
181 16 16 16     267 75 8 8      336 272
181 16 16 16     267 75 8 8      352 272
181 16 16 16     267 75 8 8      368 272
181 16 16 16     267 75 8 8      384 272
181 16 16 16     267 75 8 8      400 272
181 16 16 16     267 75 8 8      416 272
181 16 16 16     267 75 8 8      432 272
181 16 16 16     267 75 8 8      448 272
181 16 16 16     267 75 8 8      464 272
181 16 16 16     267 75 8 8      480 272
181 16 16 16     267 75 8 8      496 272
181 16 16 16     267 75 8 8      512 272
181 16 16 16     267 75 8 8      528 272
181 16 16 16     267 75 8 8      544 272
181 16 16 16     267 75 8 8      560 272
181 16 16 16     267 75 8 8      576 272
181 16 16 16     267 75 8 8      592 272
181 16 16 16     267 75 8 8      608 272
181 16 16 16     267 75 8 8      624 272
181 16 16 16     267 75 8 8      640 272
181 16 16 16     267 75 8 8      656 272
181 16 16 16     267 75 8 8      672 272
181 16 16 16     267 75 8 8      688 272
181 16 16 16     267 75 8 8      704 272
181 16 16 16     267 75 8 8      720 272
181 16 16 16     267 75 8 8      736 272
181 16 16 16     267 75 8 8      752 272
181 16 16 16     267 75 8 8      768 272
181 16 16 16     267 75 8 8      784 272
181 16 16 16     267 75 8 8      800 272
181 16 16 16     267 75 8 8      816 272
181 16 16 16     267 75 8 8      832 272
181 16 16 16     267 75 8 8      848 272
181 16 16 16     267 75 8 8      864 272
181 16 16 16     267 75 8 8      880 272
181 16 16 16     267 75 8 8      896 272
181 16 16 16     267 75 8 8      912 272
181 16 16 16     267 75 8 8      928 272
181 16 16 16     267 75 8 8      944 272
181 16 16 16     267 75 8 8      960 272
181 16 16 16     267 75 8 8      976 272
181 16 16 16     267 75 8 8      992 272
181 16 16 16     267 75 8 8      1008 272
181 16 16 16     267 75 8 8      1024 272
181 16 16 16     267 75 8 8      1040 272
181 16 16 16     267 75 8 8      1056 272
181 16 16 16     267 75 8 8      1072 272
181 16 16 16     267 75 8 8      1088 272
181 16 16 16     267 75 8 8      1104 272
181 16 16 16     267 75 8 8      1120 272
181 16 16 16     267 75 8 8      1136 272
181 16 16 16     267 75 8 8      1152 272
181 16 16 16     267 75 8 8      1168 272
181 16 16 16     267 75 8 8      1184 272
181 16 16 16     267 75 8 8      1200 272
181 16 16 16     267 75 8 8      1216 272
181 16 16 16     267 75 8 8      1232 272
181 16 16 16     267 75 8 8      1248 272
181 16 16 16     267 75 8 8      1264 272
181 16 16 16     267 75 8 8      1280 272
181 16 16 16     267 75 8 8      1296 272
181 16 16 16     267 75 8 8      1312 272
181 16 16 16     267 75 8 8      1328 272
181 16 16 16     267 75 8 8      1344 272
181 16 16 16     267 75 8 8      1360 272
181 16 16 16     267 75 8 8      1376 272
181 16 16 16     267 75 8 8      1392 272
181 16 16 16     267 75 8 8      1408 272
181 16 16 16     267 75 8 8      624 352
181 16 16 16     267 75 8 8      624 368
181 16 16 16     267 75 8 8      624 384
181 16 16 16     267 75 8 8      640 384
181 16 16 16     267 75 8 8      656 384
181 16 16 16     267 75 8 8      656 368
181 16 16 16     267 75 8 8      656 352
181 16 16 16     267 75 8 8      672 352
181 16 16 16     267 75 8 8      688 352
181 16 16 16     267 75 8 8      704 352
181 16 16 16     267 75 8 8      704 368
181 16 16 16     267 75 8 8      704 384
181 16 16 16     267 75 8 8      720 384
181 16 16 16     267 75 8 8      736 384
181 16 16 16     267 75 8 8      736 368
181 16 16 16     267 75 8 8      1440 272
181 16 16 16     267 75 8 8      1456 272
181 16 16 16     267 75 8 8      1472 272
181 16 16 16     267 75 8 8      1488 272
181 16 16 16     267 75 8 8      1504 272
181 16 16 16     267 75 8 8      1520 272
181 16 16 16     267 75 8 8      1536 272
181 16 16 16     267 75 8 8      1552 272
181 16 16 16     267 75 8 8      1568 272
181 16 16 16     267 75 8 8      1584 272
181 16 16 16     267 75 8 8      1600 272
181 16 16 16     267 75 8 8      1616 272
181 16 16 16     267 75 8 8      1632 272
181 16 16 16     267 75 8 8      1648 272
181 16 16 16     267 75 8 8      1664 272
181 16 16 16     267 75 8 8      1680 272
181 16 16 16     267 75 8 8      1696 272
181 16 16 16     267 75 8 8      1712 272
181 16 16 16     267 75 8 8      1728 272
181 16 16 16     267 75 8 8      1744 272
181 16 16 16     267 75 8 8      1760 272
181 16 16 16     267 75 8 8      1776 272
181 16 16 16     267 75 8 8      1792 272
181 16 16 16     267 75 8 8      1808 272
181 16 16 16     267 75 8 8      1824 272
181 16 16 16     267 75 8 8      1840 272
181 16 16 16     267 75 8 8      1856 272
181 16 16 16     267 75 8 8      1872 272
181 16 16 16     267 75 8 8      1888 272
181 16 16 16     267 75 8 8      1904 272
181 16 16 16     267 75 8 8      1920 272
181 16 16 16     267 75 8 8      1936 272
181 16 16 16     267 75 8 8      1952 272
181 16 16 16     267 75 8 8      1968 272
181 16 16 16     267 75 8 8      1984 272
181 16 16 16     267 75 8 8      2000 272
181 16 16 16     267 75 8 8      2016 272
181 16 16 16     267 75 8 8      2032 272
181 16 16 16     267 75 8 8      2048 272
181 16 16 16     267 75 8 8      2064 272
181 16 16 16     267 75 8 8      2080 272
181 16 16 16     267 75 8 8      2096 272
181 16 16 16     267 75 8 8      2112 272
181 16 16 16     267 75 8 8      2128 272
181 16 16 16     267 75 8 8      2144 272
181 16 16 16     267 75 8 8      2160 272
181 16 16 16     267 75 8 8      2176 272
181 16 16 16     267 75 8 8      2192 272
181 16 16 16     267 75 8 8      864 288
181 16 16 16     267 75 8 8      880 288
181 16 16 16     267 75 8 8      864 304
181 16 16 16     267 75 8 8      880 304
181 16 16 16     267 75 8 8      832 320
181 16 16 16     267 75 8 8      848 320
181 16 16 16     267 75 8 8      832 336
181 16 16 16     267 75 8 8      848 336
181 16 16 16     267 75 8 8      832 352
181 16 16 16     267 75 8 8      848 352
181 16 16 16     267 75 8 8      832 368
181 16 16 16     267 75 8 8      848 368
181 16 16 16     267 75 8 8      832 384
181 16 16 16     267 75 8 8      848 384
181 16 16 16     267 75 8 8      864 384
181 16 16 16     267 75 8 8      880 384
181 16 16 16     267 75 8 8      864 400
181 16 16 16     267 75 8 8      880 400
181 16 16 16     267 75 8 8      864 416
181 16 16 16     267 75 8 8      880 416
181 16 16 16     267 75 8 8      928 288
181 16 16 16     267 75 8 8      944 288
181 16 16 16     267 75 8 8      960 288
181 16 16 16     267 75 8 8      976 288
181 16 16 16     267 75 8 8      992 288
181 16 16 16     267 75 8 8      1008 288
181 16 16 16     267 75 8 8      928 304
181 16 16 16     267 75 8 8      944 304
181 16 16 16     267 75 8 8      960 304
181 16 16 16     267 75 8 8      976 304
181 16 16 16     267 75 8 8      992 304
181 16 16 16     267 75 8 8      1008 304
181 16 16 16     267 75 8 8      928 384
181 16 16 16     267 75 8 8      944 384
181 16 16 16     267 75 8 8      960 384
181 16 16 16     267 75 8 8      976 384
181 16 16 16     267 75 8 8      992 384
181 16 16 16     267 75 8 8      1008 384
181 16 16 16     267 75 8 8      992 320
181 16 16 16     267 75 8 8      1008 320
181 16 16 16     267 75 8 8      992 336
181 16 16 16     267 75 8 8      1008 336
181 16 16 16     267 75 8 8      992 352
181 16 16 16     267 75 8 8      1008 352
181 16 16 16     267 75 8 8      992 368
181 16 16 16     267 75 8 8      1008 368
181 16 16 16     267 75 8 8      1056 288
181 16 16 16     267 75 8 8      1072 288
181 16 16 16     267 75 8 8      1088 288
181 16 16 16     267 75 8 8      1104 288
181 16 16 16     267 75 8 8      1056 304
181 16 16 16     267 75 8 8      1072 304
181 16 16 16     267 75 8 8      1088 304
181 16 16 16     267 75 8 8      1104 304
181 16 16 16     267 75 8 8      1216 288
181 16 16 16     267 75 8 8      1232 288
181 16 16 16     267 75 8 8      1248 288
181 16 16 16     267 75 8 8      1264 288
181 16 16 16     267 75 8 8      1216 304
181 16 16 16     267 75 8 8      1232 304
181 16 16 16     267 75 8 8      1248 304
181 16 16 16     267 75 8 8      1264 304
181 16 16 16     267 75 8 8      1344 352
181 16 16 16     267 75 8 8      1360 352
181 16 16 16     267 75 8 8      1376 352
181 16 16 16     267 75 8 8      1392 352
181 16 16 16     267 75 8 8      1408 352
181 16 16 16     267 75 8 8      1424 352
181 16 16 16     267 75 8 8      1344 368
181 16 16 16     267 75 8 8      1360 368
181 16 16 16     267 75 8 8      1376 368
181 16 16 16     267 75 8 8      1392 368
181 16 16 16     267 75 8 8      1408 368
181 16 16 16     267 75 8 8      1424 368
181 16 16 16     267 75 8 8      1216 384
181 16 16 16     267 75 8 8      1232 384
181 16 16 16     267 75 8 8      1248 384
181 16 16 16     267 75 8 8      1264 384
181 16 16 16     267 75 8 8      1072 320
181 16 16 16     267 75 8 8      1072 336
181 16 16 16     267 75 8 8      1072 352
181 16 16 16     267 75 8 8      1072 368
181 16 16 16     267 75 8 8      1072 384
181 16 16 16     267 75 8 8      1088 384
181 16 16 16     267 75 8 8      1104 384
181 16 16 16     267 75 8 8      1152 320
181 16 16 16     267 75 8 8      1168 320
181 16 16 16     267 75 8 8      1152 336
181 16 16 16     267 75 8 8      1168 336
181 16 16 16     267 75 8 8      1152 352
181 16 16 16     267 75 8 8      1168 352
181 16 16 16     267 75 8 8      1152 368
181 16 16 16     267 75 8 8      1152 384
181 16 16 16     267 75 8 8      1168 384
181 16 16 16     267 75 8 8      1584 512
181 16 16 16     267 75 8 8      1600 512
181 16 16 16     267 75 8 8      1616 512
181 16 16 16     267 75 8 8      1632 512
181 16 16 16     267 75 8 8      1648 512
181 16 16 16     267 75 8 8      1664 512
181 16 16 16     267 75 8 8      1680 512
181 16 16 16     267 75 8 8      1696 512
181 16 16 16     267 75 8 8      1712 512
181 16 16 16     267 75 8 8      1728 512
181 16 16 16     267 75 8 8      1584 528
181 16 16 16     267 75 8 8      1600 528
181 16 16 16     267 75 8 8      1616 528
181 16 16 16     267 75 8 8      1632 528
181 16 16 16     267 75 8 8      1648 528
181 16 16 16     267 75 8 8      1664 528
181 16 16 16     267 75 8 8      1680 528
181 16 16 16     267 75 8 8      1696 528
181 16 16 16     267 75 8 8      1712 528
181 16 16 16     267 75 8 8      1728 528
181 16 16 16     267 75 8 8      1584 544
181 16 16 16     267 75 8 8      1600 544
181 16 16 16     267 75 8 8      1616 544
181 16 16 16     267 75 8 8      1632 544
181 16 16 16     267 75 8 8      1648 544
181 16 16 16     267 75 8 8      1664 544
181 16 16 16     267 75 8 8      1680 544
181 16 16 16     267 75 8 8      1696 544
181 16 16 16     267 75 8 8      1712 544
181 16 16 16     267 75 8 8      1728 544
181 16 16 16     267 75 8 8      1584 560
181 16 16 16     267 75 8 8      1600 560
181 16 16 16     267 75 8 8      1616 560
181 16 16 16     267 75 8 8      1632 560
181 16 16 16     267 75 8 8      1648 560
181 16 16 16     267 75 8 8      1664 560
181 16 16 16     267 75 8 8      1680 560
181 16 16 16     267 75 8 8      1696 560
181 16 16 16     267 75 8 8      1712 560
181 16 16 16     267 75 8 8      1728 560
181 16 16 16     267 75 8 8      1584 624
181 16 16 16     267 75 8 8      1600 624
181 16 16 16     267 75 8 8      1616 624
181 16 16 16     267 75 8 8      1632 624
181 16 16 16     267 75 8 8      1648 624
181 16 16 16     267 75 8 8      1664 624
181 16 16 16     267 75 8 8      1680 624
181 16 16 16     267 75 8 8      1696 624
181 16 16 16     267 75 8 8      1712 624
181 16 16 16     267 75 8 8      1728 624
181 16 16 16     267 75 8 8      2320 368
181 16 16 16     267 75 8 8      2336 368
181 16 16 16     267 75 8 8      2352 368
181 16 16 16     267 75 8 8      2368 368
181 16 16 16     267 75 8 8      2384 368