SMALL

STANDING
1
7 51 12 15

RUNNING
3
7 93 12 15
28 93 12 15
47 92 15 16

SKIDDING
1
155 134 14 16

JUMPING
1
49 50 16 16

SLIDING
1
155 134 14 16

CLIMBING
2
6 176 13 16
28 176 13 15

ENTERING
1
90 176 16 16

MORPHING

7

179 152 12 15
199 145 14 22

179 152 12 15
199 145 14 22

220 137 14 30
199 145 14 22
220 137 14 30



FADE_OUT
14
5 224 15 16
27 224 15 16
49 225 12 15
70 225 12 15
91 225 12 15
112 225 12 15
133 225 12 15
175 225 12 15
194 224 15 16
215 224 15 16
236 224 15 16
257 224 15 16
280 225 12 15
301 225 12 15

DEAD
1
93 50 16 16


BIG

STANDING
1
386 36 14 30

RUNNING
3
386 78 14 30
406 78 16 29
427 78 16 30

SKIDDING
1
543 35 16 31

JUMPING
1
478 35 16 30

CROUCHING
1
429 44 16 22

SLIDING
1
543 35 16 31

CLIMBING
2
430 121 14 28
451 121 14 26

ENTERING
1
515 121 16 30

TRANSFORMING
4
793 214 14 30
814 214 14 30
835 214 14 30
856 214 14 30

FADE_OUT
14
385 205 16 29
406 205 16 30
427 205 16 30
449 205 14 30
470 205 14 30
491 205 14 30
511 205 16 29
532 205 16 29
553 205 16 29
574 205 16 29
595 205 16 30
616 205 16 30
659 205 14 30
680 205 14 30

HIT
5
616 132 14 30
636 131 16 30
657 135 16 27
678 146 16 16
701 147 12 15


FIRE

STANDING
1
794 36 14 30

RUNNING
3
794 78 14 30
814 78 16 29
835 78 16 30

SKIDDING
1
951 35 16 31

JUMPING
1
886 35 16 30

CROUCHING
1
837 44 16 22

SLIDING
1
951 35 16 31

SHOOTING
1
921 78 15 30

ENTERING
1
923 121 16 30

FADE_OUT
14
792 290 16 29
813 290 16 30
834 290 16 30
856 290 14 30
877 290 14 30
898 290 14 30
918 290 16 29
939 290 16 29
960 290 16 29
981 290 16 29
1002 290 16 30
1023 290 16 30
1066 290 14 30
1087 290 14 30

HIT
5
971 141 14 30
991 140 16 30
1012 144 16 27
1033 155 16 16
1056 156 12 15


INVINCIBLE_SMALL

STANDING
4
7 292 12 15
28 292 12 15
49 292 12 15
70 292 12 15

RUNNING
15
7 334 12 15
28 334 12 15
47 333 15 16
70 334 12 15
91 334 12 15
110 333 15 16
133 334 12 15
154 334 12 15
173 333 15 16
196 334 12 15
217 334 12 15
236 333 15 16
259 334 12 15
280 334 12 15
299 332 15 16

JUMPING
4
175 291 16 16
196 291 16 16
217 291 16 16
238 291 16 16

CLIMBING
8
7 490 13 16
28 490 13 15
49 490 13 16
70 490 13 15
91 490 13 16
112 490 13 15
133 490 13 16
154 490 13 15

SLIDING
4
364 448 14 16
386 448 14 16
407 448 14 16
428 448 14 16

ENTERING
4
344 291 16 16
365 291 16 16
386 291 16 16
407 291 16 16

SKIDDING
4
364 448 14 16
386 448 14 16
407 448 14 16
428 448 14 16

TRANSFORMING
17
7 417 12 15
28 417 12 15
49 417 12 15
69 410 14 22
91 417 12 15
111 410 14 22
133 417 12 15
153 410 14 22
174 402 14 30
196 417 12 15
216 410 14 22
237 402 14 30
259 417 12 15
279 402 14 30
300 402 14 30
321 402 14 30
342 402 14 30


INVINCIBLE_BIG

STANDING
4
558 332 14 30
579 332 14 30
600 332 14 30
621 332 14 30

RUNNING
15
557 374 15 30
578 438 16 30
578 406 16 29
600 374 14 30
599 438 16 30
620 406 16 29
621 374 14 30
557 438 16 30
557 406 16 29
579 374 14 30
578 438 16 30
599 406 16 29
600 374 14 30
620 438 16 30
620 406 16 29

JUMPING
4
727 331 16 30
748 331 16 30
769 331 16 30
790 331 16 30

CROUCHING
4
727 388 16 22
748 388 16 22
769 388 16 22
790 388 16 22

SKIDDING
4
557 479 16 31
578 479 16 31
599 479 16 31
620 479 16 31

CLIMBING
8
727 421 16 30
748 421 16 28
769 421 16 30
790 421 16 28
811 421 16 30
832 421 16 28
853 421 16 30
874 421 16 28

SHOOTING
4
727 464 15 30
748 464 15 30
769 464 15 30
790 464 15 30

ENTERING
4
897 332 16 30
918 332 16 30
939 332 16 30
960 332 16 30





OTHERS

INVINCIBLE

STANDING
4
7 292 12 15
28 292 12 15
49 292 12 15
70 292 12 15

RUNNING
15
7 334 12 15
28 334 12 15
47 333 15 16
70 334 12 15
91 334 12 15
110 333 15 16
133 334 12 15
154 334 12 15
173 333 15 16
196 334 12 15
217 334 12 15
236 333 15 16
259 334 12 15
280 334 12 15
299 332 15 16

JUMPING
4
175 291 16 16
196 291 16 16
217 291 16 16
238 291 16 16

CLIMBING
8
7 490 13 16
28 490 13 15
49 490 13 16
70 490 13 15
91 490 13 16
112 490 13 15
133 490 13 16
154 490 13 15

SLIDING
4
364 448 14 16
386 448 14 16
407 448 14 16
428 448 14 16

ENTERING
4
344 291 16 16
365 291 16 16
386 291 16 16
407 291 16 16

TRANSFORMING
17
7 417 12 15
28 417 12 15
49 417 12 15
69 410 14 22
91 417 12 15
111 410 14 22
133 417 12 15
153 410 14 22
174 402 14 30
196 417 12 15
216 410 14 22
237 402 14 30
259 417 12 15
279 402 14 30
300 402 14 30
321 402 14 30
342 402 14 30


INVINCIBLE_SUPER_AND_FIRE

STANDING
4
558 332 14 30
579 332 14 30
600 332 14 30
621 332 14 30

RUNNING
15
557 374 15 30
578 438 16 30
578 406 16 29
600 374 14 30
599 438 16 30
620 406 16 29
621 374 14 30
557 438 16 30
557 406 16 29
579 374 14 30
578 438 16 30
599 406 16 29
600 374 14 30
620 438 16 30
620 406 16 29

JUMPING
4
727 331 16 30
748 331 16 30
769 331 16 30
790 331 16 30

CROUCHING
4
727 388 16 22
748 388 16 22
769 388 16 22
790 388 16 22

SLIDING
4
557 479 16 31
578 479 16 31
599 479 16 31
620 479 16 31

CLIMBING
8
727 421 16 30
748 421 16 28
769 421 16 30
790 421 16 28
811 421 16 30
832 421 16 28
853 421 16 30
874 421 16 28

SHOOTING_FIRE
4
727 464 15 30
748 464 15 30
769 464 15 30
790 464 15 30

ENTERING
4
897 332 16 30
918 332 16 30
939 332 16 30
960 332 16 30



ss

MORPHING
6
179 152 12 15
199 145 14 22
220 137 14 30
242 152 12 15
262 145 14 22
283 137 14 30